
====================================================
Statistic   N      Mean    St. Dev.  Min      Max   
----------------------------------------------------
year      15,725 2,009.146  3.955   2,001    2,015  
ETR       10,370   0.132    0.275   -1.148   1.374  
CETR      10,370   0.117    0.280   -1.275   1.347  
STR       15,707  14.907    4.742     5       25    
HHI       15,477   0.140    0.121   0.024    1.000  
STR_HHI   15,459   6.381    8.200     0       25    
ROA       15,725   0.046    0.098   -0.332   0.295  
SIZE      15,725  15.197    1.409   12.610  19.605  
LEV       15,725   0.416    0.177   0.060    0.845  
INTANG    15,725   0.013    0.026   0.000    0.164  
QUICK     15,725  182.158  200.914  6.097  1,327.075
EQINC     15,725  0.0002    0.006   -0.025   0.033  
OUTINSTI  15,725  36.349    22.663  0.402   91.376  
RELATIN   15,725  14.475    27.452    0       100   
RELATOUT  15,725  13.000    20.569    0       93    
FAM_Dum   15,725   0.612    0.487     0        1    
GDP       15,725  16.380    0.151   16.019  16.564  
----------------------------------------------------
